    0.000000        0.000000
    0.280000        0.611898
    0.560000        0.980507
    0.840000        0.945593
    1.120000        0.484801
    1.400000       -0.278221
    1.680000       -1.114741
    1.960000       -1.766480
    2.240000       -2.029601
    2.520000       -1.818773
    2.800000       -1.190046
    3.080000       -0.316471
    3.360000        0.573629
    3.640000        1.272640
    3.920000        1.656889
    4.200000        1.715572
    4.480000        1.536866
    4.760000        1.258786
    5.040000        1.005071
    5.320001        0.831655
    5.600001        0.704864
    5.880001        0.520258
    6.160001        0.155094
    6.440001       -0.465662
    6.720002       -1.316090
    7.000002       -2.251243
    7.280002       -3.034617
    7.560002       -3.405143
    7.840003       -3.162461
    8.120003       -2.242170
    8.400002       -0.754054
    8.680002        1.031680
    8.960002        2.748239
    9.240002        4.027527
    9.520001        4.597698
    9.800001        4.352991
   10.080001        3.374564
   10.360001        1.898336
   10.640000        0.241629
   10.920000       -1.285750
   11.200000       -2.457300
   11.480000       -3.169667
   11.759999       -3.437978
   12.039999       -3.353453
   12.319999       -3.024312
   12.599998       -2.524104
   12.879998       -1.868637
   13.159998       -1.029313
   13.439998        0.024052
   13.719997        1.270290
   13.999997        2.598309
   14.279997        3.802787
   14.559997        4.621457
   14.839996        4.805866
   15.119996        4.203173
   15.399996        2.821191
   15.679996        0.852004
   15.959995       -1.357817
   16.239996       -3.384580
   16.519997       -4.831275
   16.799997       -5.426765
   17.079998       -5.091014
   17.359999       -3.946724
   17.639999       -2.275795
   17.920000       -0.436032
   18.200001        1.234833
   18.480001        2.497615
   18.760002        3.250443
   19.040003        3.520071
   19.320004        3.415047
   19.600004        3.061817
   19.880005        2.550234
   20.160006        1.908516
   20.440006        1.115534
   20.720007        0.142603
   21.000008       -0.994558
   21.280008       -2.198465
   21.560009       -3.285698
   21.840010       -4.022640
   22.120010       -4.192006
   22.400011       -3.668283
   22.680012       -2.474672
   22.960012       -0.799639
   23.240013        1.037237
   23.520014        2.662127
   23.800014        3.744335
   24.080015        4.084264
   24.360016        3.664082
   24.640017        2.645274
   24.920017        1.314807
   25.200018       -0.002611
   25.480019       -1.036849
   25.760019       -1.640319
   26.040020       -1.811327
   26.320021       -1.668425
   26.600021       -1.388177
   26.880022       -1.130882
   27.160023       -0.981443
   27.440023       -0.926125
   27.720024       -0.871657
   28.000025       -0.697298
