    0.000000        0.000000
    0.280000        0.006733
    0.560000        0.050448
    0.840000        0.189380
    1.120000        0.484557
    1.400000        0.961313
    1.680000        1.580529
    1.960000        2.232811
    2.240000        2.760701
    2.520000        3.003510
    2.800000        2.850493
    3.080000        2.284024
    3.360000        1.396783
    3.640000        0.375201
    3.920000       -0.547432
    4.200000       -1.154425
    4.480000       -1.306043
    4.760000       -0.977782
    5.040000       -0.264645
    5.320001        0.649428
    5.600001        1.546563
    5.880001        2.236376
    6.160001        2.604337
    6.440001        2.632786
    6.720002        2.390074
    7.000002        1.994322
    7.280002        1.566499
    7.560002        1.190300
    7.840003        0.892685
    8.120003        0.650449
    8.400002        0.418041
    8.680002        0.163750
    8.960002       -0.101675
    9.240002       -0.316780
    9.520001       -0.386325
    9.800001       -0.218067
   10.080001        0.234135
   10.360001        0.937824
   10.640000        1.774067
   10.920000        2.559958
   11.200000        3.096465
   11.480000        3.227189
   11.759999        2.888892
   12.039999        2.136580
   12.319999        1.133782
   12.599998        0.110025
   12.879998       -0.701725
   13.159998       -1.128240
   13.439998       -1.100282
   13.719997       -0.664797
   13.999997        0.037427
   14.279997        0.819802
   14.559997        1.506888
   14.839996        1.981344
   15.119996        2.206521
   15.399996        2.219516
   15.679996        2.100197
   15.959995        1.929943
   16.239996        1.756739
   16.519997        1.579970
   16.799997        1.360072
   17.079998        1.048141
   17.359999        0.622621
   17.639999        0.117056
   17.920000       -0.374030
   18.200001       -0.715901
   18.480001       -0.775594
   18.760002       -0.471029
   19.040003        0.190515
   19.320004        1.099690
   19.600004        2.064984
   19.880005        2.861010
   20.160006        3.290985
   20.440006        3.243792
   20.720007        2.727258
   21.000008        1.866717
   21.280008        0.869180
   21.560009       -0.035449
   21.840010       -0.657410
   22.120010       -0.894730
   22.400011       -0.751512
   22.680012       -0.323072
   22.960012        0.244764
   23.240013        0.806641
   23.520014        1.260913
   23.800014        1.571003
   24.080015        1.759509
   24.360016        1.880022
   24.640017        1.979753
   24.920017        2.069063
   25.200018        2.110830
   25.480019        2.034488
   25.760019        1.769623
   26.040020        1.285843
   26.320021        0.622486
   26.600021       -0.105302
   26.880022       -0.729313
   27.160023       -1.074510
   27.440023       -1.014307
   27.720024       -0.516272
   28.000025        0.338158
