    0.000000        0.000000
    0.280000        0.363746
    0.560000        1.351041
    0.840000        2.683250
    1.120000        3.995386
    1.400000        4.949718
    1.680000        5.336623
    1.960000        5.129645
    2.240000        4.478092
    2.520000        3.642351
    2.800000        2.896736
    3.080000        2.435183
    3.360000        2.312917
    3.640000        2.443265
    3.920000        2.648262
    4.200000        2.742021
    4.480000        2.614098
    4.760000        2.280541
    5.040000        1.882622
    5.320001        1.633063
    5.600001        1.729421
    5.880001        2.267200
    6.160001        3.186148
    6.440001        4.271894
    6.720002        5.215324
    7.000002        5.711091
    7.280002        5.561878
    7.560002        4.751913
    7.840003        3.463017
    8.120003        2.025885
    8.400002        0.821559
    8.680002        0.165313
    8.960002        0.211402
    9.240002        0.910063
    9.520001        2.030311
    9.800001        3.239618
   10.080001        4.212456
   10.360001        4.730495
   10.640000        4.741082
   10.920000        4.356079
   11.200000        3.794480
   11.480000        3.291921
   11.759999        3.011256
   12.039999        2.986915
   12.319999        3.122532
   12.599998        3.241207
   12.879998        3.168041
   13.159998        2.812581
   13.439998        2.218696
   13.719997        1.561447
   13.999997        1.090163
   14.279997        1.037218
   14.559997        1.525387
   14.839996        2.508348
   15.119996        3.767909
   15.399996        4.971877
   15.679996        5.774930
   15.959995        5.929149
   16.239996        5.366675
   16.519997        4.225869
   16.799997        2.811338
   17.079998        1.500680
   17.359999        0.628896
   17.639999        0.388852
   17.920000        0.780279
   18.200001        1.622842
   18.480001        2.626648
   18.760002        3.494093
   19.040003        4.016942
   19.320004        4.135365
   19.600004        3.940157
   19.880005        3.620246
   20.160006        3.377254
   20.440006        3.340321
   20.720007        3.513611
   21.000008        3.776181
   21.280008        3.934077
   21.560009        3.804698
   21.840010        3.301030
   22.120010        2.482815
   22.400011        1.553335
   22.680012        0.800244
   22.960012        0.499537
   23.240013        0.815939
   23.520014        1.735442
   23.800014        3.055377
   24.080015        4.437812
   24.360016        5.510092
   24.640017        5.979634
   24.920017        5.724773
   25.200018        4.831258
   25.480019        3.562432
   25.760019        2.273613
   26.040020        1.299973
   26.320021        0.855737
   26.600021        0.977822
   26.880022        1.531019
   27.160023        2.270090
   27.440023        2.934520
   27.720024        3.341026
   28.000025        3.440849
