    0.000000        0.000000
    0.000000        0.000000
    0.280000        0.085666
    0.280000        0.001586
    0.560000        0.308602
    0.560000        0.011704
    0.840000        0.578256
    0.840000        0.042937
    1.120000        0.778512
    1.120000        0.106166
    1.400000        0.807433
    1.400000        0.200285
    1.680000        0.612418
    1.680000        0.305555
    1.960000        0.209047
    1.960000        0.384440
    2.240000       -0.322404
    2.240000        0.391034
    2.520000       -0.861176
    2.520000        0.286756
    2.800000       -1.282411
    2.800000        0.057188
    3.080000       -1.493323
    3.080000       -0.276148
    3.360000       -1.457321
    3.360000       -0.654145
    3.640000       -1.198844
    3.640000       -0.990622
    3.920000       -0.788710
    3.920000       -1.193006
    4.200000       -0.316565
    4.200000       -1.187631
    4.480000        0.138776
    4.480000       -0.942190
    4.760000        0.530168
    4.760000       -0.478359
    5.040000        0.847108
    5.040000        0.129612
    5.320001        1.104249
    5.320001        0.770408
    5.600001        1.319362
    5.600001        1.321055
    5.880001        1.490879
    5.880001        1.675132
    6.160001        1.585428
    6.160001        1.766067
    6.440001        1.541949
    6.440001        1.579531
    6.720002        1.292504
    6.720002        1.152483
    7.000002        0.793077
    7.000002        0.560502
    7.280002        0.053057
    7.280002       -0.101718
    7.560002       -0.848510
    7.560002       -0.740404
    7.840003       -1.767974
    7.840003       -1.277778
    8.120003       -2.524623
    8.120003       -1.659206
    8.400002       -2.944094
    8.400002       -1.852757
    8.680002       -2.905226
    8.680002       -1.844255
    8.960002       -2.376038
    8.960002       -1.632118
    9.240002       -1.427430
    9.240002       -1.225597
    9.520001       -0.219899
    9.520001       -0.647727
    9.800001        1.033198
    9.800001        0.058590
   10.080001        2.115055
   10.080001        0.825226
   10.360001        2.853261
   10.360001        1.558797
   10.640000        3.152856
   10.640000        2.149253
   10.920000        3.006679
   10.920000        2.487483
   11.200000        2.482652
   11.200000        2.488787
   11.480000        1.694877
   11.480000        2.116183
   11.759999        0.769806
   11.759999        1.396450
   12.039999       -0.180994
   12.039999        0.423038
   12.319999       -1.073881
   12.319999       -0.656675
   12.599998       -1.850659
   12.599998       -1.667883
   12.879998       -2.465643
   12.879998       -2.442631
   13.159998       -2.871356
   13.159998       -2.853473
   13.439998       -3.012092
   13.439998       -2.838157
   13.719997       -2.830884
   13.719997       -2.409452
   13.999997       -2.289280
   13.999997       -1.648459
   14.279997       -1.393127
   14.279997       -0.684230
   14.559997       -0.213733
   14.559997        0.334080
   14.839996        1.106092
   14.839996        1.264950
   15.119996        2.367358
   15.119996        1.995646
   15.399996        3.350769
   15.399996        2.453183
   15.679996        3.865016
   15.679996        2.605200
   15.959995        3.794203
   15.959995        2.453861
   16.239996        3.130267
   16.239996        2.027392
   16.519997        1.980047
   16.519997        1.373344
   16.799997        0.543922
   16.799997        0.555547
   17.079998       -0.928567
   17.079998       -0.346057
   17.359999       -2.193851
   17.359999       -1.235710
   17.639999       -3.065004
   17.639999       -2.006014
   17.920000       -3.444659
   17.920000       -2.548560
   18.200001       -3.332827
   18.200001       -2.770938
   18.480001       -2.810284
   18.480001       -2.616965
   18.760002       -2.005556
   18.760002       -2.084530
   19.040003       -1.057684
   19.040003       -1.234895
   19.320004       -0.086768
   19.320004       -0.188831
   19.600004        0.819993
   19.600004        0.891567
   19.880005        1.605681
   19.880005        1.832388
   20.160006        2.229906
   20.160006        2.482071
   20.440006        2.653273
   20.440006        2.741790
   20.720007        2.829412
   20.720007        2.584339
   21.000008        2.710138
   21.000008        2.056845
   21.280008        2.263115
   21.280008        1.267055
   21.560009        1.495332
   21.560009        0.357441
   21.840010        0.472165
   21.840010       -0.525578
   22.120010       -0.677886
   22.120010       -1.259232
   22.400011       -1.778326
   22.400011       -1.762439
   22.680012       -2.638340
   22.680012       -2.001368
   22.960012       -3.096744
   22.960012       -1.983643
   23.240013       -3.063480
   23.240013       -1.745474
   23.520014       -2.545569
   23.520014       -1.337436
   23.800014       -1.648665
   23.800014       -0.813777
   24.080015       -0.552661
   24.080015       -0.227738
   24.360016        0.532107
   24.360016        0.367759
   24.640017        1.415417
   24.640017        0.917234
   24.920017        1.969829
   24.920017        1.361675
   25.200018        2.153536
   25.200018        1.642631
   25.480019        2.008012
   25.480019        1.712063
   25.760019        1.633208
   25.760019        1.545621
   26.040020        1.149978
   26.040020        1.154763
   26.320021        0.662812
   26.320021        0.592465
   26.600021        0.234888
   26.600021       -0.051265
   26.880022       -0.117780
   26.880022       -0.664821
   27.160023       -0.413506
   27.160023       -1.138361
   27.440023       -0.680565
   27.440023       -1.389117
   27.720024       -0.932255
   27.720024       -1.381406
   28.000025       -1.151908
   28.000025       -1.135268
