    0.000000        0.000000
    0.280000        0.048096
    0.560000        0.264150
    0.840000        0.728223
    1.120000        1.380179
    1.400000        2.025228
    1.680000        2.397742
    1.960000        2.261417
    2.240000        1.509226
    2.520000        0.225118
    2.800000       -1.318091
    3.080000       -2.728117
    3.360000       -3.609322
    3.640000       -3.687691
    3.920000       -2.902541
    4.200000       -1.433122
    4.480000        0.350133
    4.760000        1.994589
    5.040000        3.099250
    5.320001        3.429837
    5.600001        2.978271
    5.880001        1.948965
    6.160001        0.679333
    6.440001       -0.476132
    6.720002       -1.257524
    7.000002       -1.569274
    7.280002       -1.486604
    7.560002       -1.200530
    7.840003       -0.925295
    8.120003       -0.804965
    8.400002       -0.855088
    8.680002       -0.961279
    8.960002       -0.934610
    9.240002       -0.601854
    9.520001        0.105103
    9.800001        1.096738
   10.080001        2.133280
   10.360001        2.893070
   10.640000        3.080096
   10.920000        2.533407
   11.200000        1.298790
   11.480000       -0.365049
   11.759999       -2.051356
   12.039999       -3.322306
   12.319999       -3.840536
   12.599998       -3.472012
   12.879998       -2.326204
   13.159998       -0.720331
   13.439998        0.920028
   13.719997        2.190581
   13.999997        2.825302
   14.279997        2.763098
   14.559997        2.144653
   14.839996        1.244319
   15.119996        0.364092
   15.399996       -0.271276
   15.679996       -0.581003
   15.959995       -0.635092
   16.239996       -0.602084
   16.519997       -0.660547
   16.799997       -0.910157
   17.079998       -1.317923
   17.359999       -1.721502
   17.639999       -1.889681
   17.920000       -1.618073
   18.200001       -0.823866
   18.480001        0.397490
   18.760002        1.777975
   19.040003        2.947336
   19.320004        3.546773
   19.600004        3.348183
   19.880005        2.337719
   20.160006        0.733530
   20.440006       -1.070618
   20.720007       -2.618912
   21.000008       -3.527811
   21.280008       -3.597451
   21.560009       -2.864190
   21.840010       -1.578388
   22.120010       -0.116751
   22.400011        1.139731
   22.680012        1.920557
   22.960012        2.135415
   23.240013        1.877990
   23.520014        1.366811
   23.800014        0.848120
   24.080015        0.498351
   24.360016        0.362453
   24.640017        0.349909
   24.920017        0.288024
   25.200018        0.010311
   25.480019       -0.555608
   25.760019       -1.336290
   26.040020       -2.119283
   26.320021       -2.618981
   26.600021       -2.579500
   26.880022       -1.877725
   27.160023       -0.587964
   27.440023        1.017984
   27.720024        2.539403
   28.000025        3.563674
