    0.000000        0.000000
    0.280000        2.598187
    0.560000        4.453917
    0.840000        5.061865
    1.120000        4.310534
    1.400000        2.506123
    1.680000        0.257485
    1.960000       -1.735899
    2.240000       -2.918053
    2.520000       -3.051525
    2.800000       -2.274298
    3.080000       -1.022509
    3.360000        0.149182
    3.640000        0.781873
    3.920000        0.682391
    4.200000       -0.012687
    4.480000       -0.901043
    4.760000       -1.481511
    5.040000       -1.360762
    5.320001       -0.421807
    5.600001        1.110080
    5.880001        2.731196
    6.160001        3.832720
    6.440001        3.922611
    6.720002        2.816175
    7.000002        0.725016
    7.280002       -1.790822
    7.560002       -3.994640
    7.840003       -5.211761
    8.120003       -5.053468
    8.400002       -3.548862
    8.680002       -1.138608
    8.960002        1.467813
    9.240002        3.522625
    9.520001        4.479147
    9.800001        4.158757
   10.080001        2.790091
   10.360001        0.910186
   10.640000       -0.834566
   10.920000       -1.915453
   11.200000       -2.095973
   11.480000       -1.493734
   11.759999       -0.511010
   12.039999        0.337143
   12.319999        0.631551
   12.599998        0.216122
   12.879998       -0.738732
   13.159998       -1.800269
   13.439998       -2.441768
   13.719997       -2.252871
   13.999997       -1.113437
   14.279997        0.735253
   14.559997        2.751668
   14.839996        4.269483
   15.119996        4.727383
   15.399996        3.872391
   15.679996        1.863701
   15.959995       -0.762139
   16.239996       -3.255531
   16.519997       -4.893082
   16.799997       -5.210710
   17.079998       -4.151138
   17.359999       -2.075885
   17.639999        0.361285
   17.920000        2.434618
   18.200001        3.583690
   18.480001        3.586355
   18.760002        2.609681
   19.040003        1.124954
   19.320004       -0.279079
   19.600004       -1.115263
   19.880005       -1.169811
   20.160006       -0.565851
   20.440006        0.302046
   20.720007        0.935736
   21.000008        0.939763
   21.280008        0.188068
   21.560009       -1.112206
   21.840010       -2.485420
   22.120010       -3.358975
   22.400011       -3.280166
   22.680012       -2.099053
   22.960012       -0.048856
   23.240013        2.308871
   23.520014        4.259012
   23.800014        5.169089
   24.080015        4.705449
   24.360016        2.953693
   24.640017        0.400182
   24.920017       -2.220620
   25.200018       -4.161631
   25.480019       -4.901410
   25.760019       -4.304445
   26.040020       -2.650126
   26.320021       -0.522991
   26.600021        1.395028
   26.880022        2.556383
   27.160023        2.722690
   27.440023        2.023240
   27.720024        0.880373
   28.000025       -0.167347
