    0.000000        0.000000
    0.280000        0.011327
    0.560000        0.060943
    0.840000        0.162154
    1.120000        0.289478
    1.400000        0.382801
    1.680000        0.369128
    1.960000        0.194335
    2.240000       -0.147234
    2.520000       -0.597607
    2.800000       -1.042165
    3.080000       -1.338807
    3.360000       -1.361172
    3.640000       -1.042234
    3.920000       -0.403369
    4.200000        0.441760
    4.480000        1.311394
    4.760000        2.001681
    5.040000        2.340968
    5.320001        2.236149
    5.600001        1.697042
    5.880001        0.832079
    6.160001       -0.182541
    6.440001       -1.149860
    6.720002       -1.900482
    7.000002       -2.327955
    7.280002       -2.402187
    7.560002       -2.159860
    7.840003       -1.678524
    8.120003       -1.045958
    8.400002       -0.336553
    8.680002        0.397283
    8.960002        1.117983
    9.240002        1.785736
    9.520001        2.341910
    9.800001        2.703210
   10.080001        2.772761
   10.360001        2.467034
   10.640000        1.750509
   10.920000        0.665421
   11.200000       -0.656110
   11.480000       -2.005351
   11.759999       -3.135598
   12.039999       -3.817341
   12.319999       -3.894895
   12.599998       -3.328022
   12.879998       -2.205889
   13.159998       -0.728701
   13.439998        0.838099
   13.719997        2.224085
   13.999997        3.211577
   14.279997        3.675775
   14.559997        3.597865
   14.839996        3.051209
   15.119996        2.168046
   15.399996        1.100074
   15.679996       -0.014235
   15.959995       -1.066755
   16.239996       -1.979457
   16.519997       -2.692312
   16.799997       -3.149098
   17.079998       -3.290932
   17.359999       -3.063729
   17.639999       -2.438448
   17.920000       -1.436878
   18.200001       -0.151535
   18.480001        1.251346
   18.760002        2.551758
   19.040003        3.517065
   19.320004        3.954816
   19.600004        3.762312
   19.880005        2.957840
   20.160006        1.682756
   20.440006        0.172373
   20.720007       -1.297022
   21.000008       -2.470789
   21.280008       -3.170567
   21.560009       -3.326679
   21.840010       -2.980600
   22.120010       -2.259786
   22.400011       -1.334550
   22.680012       -0.372089
   22.960012        0.498700
   23.240013        1.202502
   23.520014        1.712058
   23.800014        2.028366
   24.080015        2.157625
   24.360016        2.095928
   24.640017        1.828891
   24.920017        1.345685
   25.200018        0.661147
   25.480019       -0.165208
   25.760019       -1.023664
   26.040020       -1.768180
   26.320021       -2.248229
   26.600021       -2.349848
   26.880022       -2.032690
   27.160023       -1.349744
   27.440023       -0.441371
   27.720024        0.496453
   28.000025        1.261674
