    0.000000        0.000000
    0.280000        0.000222
    0.560000        0.002083
    0.840000        0.009732
    1.120000        0.030607
    1.400000        0.073510
    1.680000        0.144327
    1.960000        0.240927
    2.240000        0.349493
    2.520000        0.444384
    2.800000        0.492536
    3.080000        0.461882
    3.360000        0.331641
    3.640000        0.101373
    3.920000       -0.204335
    4.200000       -0.537624
    4.480000       -0.835799
    4.760000       -1.034676
    5.040000       -1.083500
    5.320001       -0.957498
    5.600001       -0.664693
    5.880001       -0.245227
    6.160001        0.236541
    6.440001        0.704925
    6.720002        1.087407
    7.000002        1.327225
    7.280002        1.391454
    7.560002        1.273557
    7.840003        0.991012
    8.120003        0.579834
    8.400002        0.088159
    8.680002       -0.429422
    8.960002       -0.916115
    9.240002       -1.316195
    9.520001       -1.578460
    9.800001       -1.660939
   10.080001       -1.537205
   10.360001       -1.203442
   10.640000       -0.684315
   10.920000       -0.035172
   11.200000        0.661506
   11.480000        1.306202
   11.759999        1.797971
   12.039999        2.052699
   12.319999        2.019990
   12.599998        1.694552
   12.879998        1.119080
   13.159998        0.377625
   13.439998       -0.419203
   13.719997       -1.153869
   13.999997       -1.721976
   14.279997       -2.048553
   14.559997       -2.097574
   14.839996       -1.873709
   15.119996       -1.417226
   15.399996       -0.794390
   15.679996       -0.086216
   15.959995        0.622052
   16.239996        1.249428
   16.519997        1.725531
   16.799997        1.995576
   17.079998        2.024904
   17.359999        1.803457
   17.639999        1.349616
   17.920000        0.711975
   18.200001       -0.032754
   18.480001       -0.787061
   18.760002       -1.445270
   19.040003       -1.909989
   19.320004       -2.109311
   19.600004       -2.010928
   19.880005       -1.629575
   20.160006       -1.025550
   20.440006       -0.294210
   20.720007        0.451448
   21.000008        1.101214
   21.280008        1.566560
   21.560009        1.793990
   21.840010        1.770450
   22.120010        1.520577
   22.400011        1.097543
   22.680012        0.570610
   22.960012        0.012709
   23.240013       -0.509368
   23.520014       -0.940975
   23.800014       -1.242145
   24.080015       -1.387957
   24.360016       -1.368354
   24.640017       -1.188455
   24.920017       -0.869408
   25.200018       -0.448805
   25.480019        0.020852
   25.760019        0.476928
   26.040020        0.854982
   26.320021        1.099594
   26.600021        1.175362
   26.880022        1.075109
   27.160023        0.822664
   27.440023        0.468817
   27.720024        0.080944
   28.000025       -0.271390
